Adobe After Effects 8.0 Keyframe Data

	Units Per Second	29.97
	Source Width	1280
	Source Height	720
	Source Pixel Aspect Ratio	1
	Comp Pixel Aspect Ratio	1

Motion Trackers	Tracker #1	Track Point #1	Attach Point
	Frame	X pixels	Y pixels	
	19	1260.98	352.052	
	20	1249.85	353.243	
	21	1238.34	354.669	
	22	1225.91	356.352	
	23	1213.47	358.52	
	24	1202.03	360.942	
	25	1190.88	362.587	
	26	1179.37	361.188	
	27	1167.87	357.188	
	28	1153.37	352.688	
	35	1070.37	339.688	
	36	1049.37	335.188	
	37	1034.37	330.188	
	38	1022.12	329.688	
	39	1012.87	330.868	
	40	996.648	328.489	
	41	980.878	328.794	
	42	964.546	329.497	
	43	948.367	331.052	
	44	931.585	332.473	
	45	913.855	332.931	
	46	896.023	330.38	
	47	877.148	325.005	
	48	858.773	320.255	
	49	841.273	313.755	
	50	823.773	311.755	
	51	805.519	307.755	
	52	788.734	307.61	
	53	778.734	307.235	
	54	769.234	306.895	
	55	760.906	306.63	
	56	753.23	306.907	
	57	745.925	307.79	
	58	739.331	309.212	
	59	733.023	310.95	
	60	726.234	312.251	
	61	719.566	313.575	
	62	713.41	315.235	
	63	707.374	317.622	
	64	702.101	319.688	
	65	696.808	321.544	
	66	691.749	323.184	
	67	686.519	324.446	
	68	680.706	323.747	
	69	674.917	321.513	
	70	670.335	318.665	
	71	665.554	315.235	
	72	659.699	312.841	
	73	653.781	313.181	
	74	647.265	314.919	
	75	640.847	316.727	
	76	634.964	317.356	
	77	629.531	316.716	
	78	623.702	315.442	
	79	618.742	314.716	
	80	614.179	314.001	
	81	610.628	314.411	
	82	608.441	315.786	
	83	606.913	318.286	
	84	605.488	322.024	
	85	603.382	326.759	
	86	600.304	331.692	
	87	597.035	335.513	
	88	593.316	337.868	
	89	589.218	339.528	
	90	585.074	340.813	
	91	579.234	342.966	
	92	573.113	345.438	
	94	550.113	346.438	
	95	540.113	355.438	
	96	544.765	345.583	
	97	540.331	349.009	
	98	536.402	350.653	
	99	533.031	353.661	
	100	530.12	357.165	
	101	528.374	359.743	
	102	527.605	361.571	
	103	527.21	362.481	
	104	527.199	362.583	
	105	527.808	361.829	
	106	528.652	360.989	
	107	530.109	360.852	
	108	533.347	361.403	
	109	538.105	362.239	
	110	543.167	362.587	
	111	548.113	362.294	
	112	552.355	362.016	
	113	556.859	361.915	
	114	561.41	362.962	
	115	566.699	365.915	
	116	572.011	370.985	
	117	577.972	376.747	
	118	582.855	380.731	
	119	586.972	382.348	
	120	591.288	382.227	
	121	595.691	381.134	
	122	599.32	380.462	
	123	602.726	380.403	
	124	605.136	380.567	
	125	607.202	380.501	
	126	608.796	380.325	
	127	610.331	379.423	
	128	611.656	376.895	
	129	612.613	373.294	
	130	613.589	370.075	
	131	614.359	367.852	
	132	614.972	366.946	
	133	615.296	366.528	
	134	615.32	366.325	
	135	614.577	366.141	
	136	613.37	366.376	
	137	612.46	366.458	
	138	611.136	366.009	
	139	609.456	365.532	
	140	608.21	365.376	
	141	607.312	364.423	
	142	606.613	363.001	
	143	605.745	361.966	
	144	605.011	361.895	
	145	604.374	362.727	
	146	603.699	363.907	
	147	603.101	365.22	
	148	602.757	366.723	
	149	602.761	367.88	
	150	602.734	368.114	
	151	602.742	368.27	
	152	602.734	368.763	
	153	602.827	369.329	
	154	602.937	369.841	
	155	603.206	370.157	
	156	603.398	370.169	
	157	603.593	370.337	
	158	603.859	370.872	
	159	604.148	371.165	
	160	604.589	371.755	
	161	604.796	372.38	
	162	605.054	373.313	
	163	605.202	373.798	
	164	605.37	373.962	
	165	605.48	374.052	
	166	605.742	374.735	
	167	606.011	375.251	
	168	606.031	375.567	
	169	606.011	376.052	
	170	606.058	376.266	
	171	606.105	376.204	
	172	606.183	375.54	
	173	606.691	375.028	
	174	607.144	374.95	
	175	607.613	375.227	
	176	608.109	375.954	
	177	608.335	376.505	
	178	608.378	377.306	
	179	608.363	378.388	
	180	608.378	378.809	
	181	608.699	378.509	
	182	609.058	377.946	
	183	609.425	377.825	
	184	610.011	378.259	
	185	610.413	378.579	
	186	610.617	378.884	
	187	610.589	379.145	
	188	610.3	379.384	
	189	610.21	379.423	
	190	610.359	379.309	
	191	610.57	378.938	
	192	610.843	378.825	
	193	611.003	378.766	
	194	610.941	378.852	
	195	610.304	379.028	
	196	609.445	379.372	
	197	608.527	379.973	
	198	608.117	380.028	
	199	607.902	379.962	
	200	607.788	379.571	
	201	607.824	379.462	
	202	607.839	379.407	
	203	607.812	379.559	
	204	607.781	379.888	
	205	607.386	380.13	
	206	607.179	380.235	
	207	607.062	380.223	
	208	607.011	380.044	
	209	607.152	380.052	
	210	607.242	380.059	
	211	607.324	380.102	
	212	607.288	380.091	
	213	607.171	380.157	
	214	606.988	380.122	
	215	607.14	379.884	
	216	607.394	379.157	
	217	607.929	378.618	
	218	608.765	378.493	
	219	609.296	378.501	
	220	609.804	378.501	
	221	610.167	378.505	
	222	610.308	378.532	
	223	610.581	378.466	
	224	610.886	378.341	
	225	611.238	378.036	
	226	611.808	377.595	
	227	612.187	377.45	
	228	612.374	377.516	
	229	612.511	377.657	
	230	612.441	377.958	
	231	612.343	378.005	
	232	612.187	378.212	
	233	612.113	378.321	
	234	612.152	377.833	
	235	612.214	377.259	
	236	612.296	377.079	
	237	612.37	377.114	
	238	612.257	377.306	
	239	612.031	377.567	
	240	611.757	377.739	
	241	611.437	377.317	
	242	611.304	376.532	
	243	611.667	376.013	
	244	611.96	375.532	
	245	612.62	375.489	
	246	612.906	375.583	
	247	613.097	375.923	
	248	613.105	376.364	
	249	613.007	376.72	
	250	612.945	376.727	
	251	613.035	376.501	
	252	613.195	376.325	
	253	613.468	376.157	
	254	613.929	376.13	
	255	614.124	376.157	
	256	614.367	376.274	
	257	614.554	376.352	
	258	614.656	376.364	
	259	614.925	376.157	
	260	615.312	375.575	
	261	615.824	375.431	
	262	616.359	375.485	
	263	616.851	375.747	
	264	617.077	375.876	
	265	617.152	376.044	
	266	617.191	376.177	
	267	617.222	376.087	
	268	617.288	375.946	
	269	617.605	375.489	
	270	617.812	375.329	
	271	618.093	375.223	
	272	618.206	375.317	
	273	618.226	375.384	
	274	618.011	375.485	
	275	617.82	375.501	
	276	617.742	375.556	
	277	617.636	375.485	
	278	617.679	375.431	
	279	617.675	375.368	
	280	617.488	375.11	
	281	617.343	375.063	
	282	617.152	375.063	
	283	616.863	375.04	
	284	616.667	375.036	
	285	616.554	374.985	
	286	616.253	374.782	
	287	615.937	374.544	
	288	615.609	374.524	
	289	615.199	374.806	
	290	614.652	375.235	
	291	614.148	375.817	
	292	613.64	376.274	
	293	613.05	376.501	
	294	612.425	376.427	
	295	612.011	376.333	
	296	611.351	376.227	
	297	610.878	376.309	
	298	610.39	376.45	
	299	609.917	376.431	
	300	609.66	376.423	
	301	609.347	376.364	
	302	609.101	376.563	
	303	608.929	376.837	
	304	608.683	377.009	
	305	608.421	377.161	
	306	608.308	377.29	
	307	608.218	377.333	
	308	608.21	377.587	
	309	608.347	377.86	
	310	608.609	378.157	
	311	608.89	378.333	
	312	609.163	378.614	
	313	609.406	378.809	
	314	609.867	378.829	
	315	610.156	378.825	
	316	610.66	378.841	
	317	611.144	378.95	
	318	611.761	379.138	
	319	612.152	379.212	
	320	612.581	379.477	
	321	612.718	379.723	
	322	612.863	379.876	
	323	612.949	379.903	
	324	613.011	379.852	
	325	613.277	379.86	
	326	613.734	379.872	
	327	614.101	379.72	
	328	614.417	379.528	
	329	614.656	379.47	
	330	614.699	379.415	
	331	614.734	379.38	
	332	614.726	379.259	
	333	614.827	379.138	
	334	615.011	378.798	
	335	615.343	378.47	
	336	615.71	378.122	
	337	615.777	377.571	
	338	615.62	377.157	
	339	615.257	376.985	
	340	614.949	376.985	
	341	614.66	376.977	
	342	614.206	376.813	
	343	614.113	376.423	
	344	614.011	375.938	
	345	614.117	375.567	
	346	614.234	375.403	
	347	614.347	375.317	
	348	614.445	375.458	
	349	614.617	375.778	
	350	614.796	376.075	
	351	614.835	376.157	
	352	614.831	376.114	
	353	614.679	375.911	
	354	614.39	375.45	
	355	614.007	375.153	
	356	613.589	375.059	
	357	612.949	375.067	
	358	612.273	375.048	
	359	611.8	375.157	
	360	611.327	375.243	
	361	611.16	375.282	
	362	611.027	375.247	
	363	611.058	375.157	
	364	611.191	374.962	
	365	611.382	374.985	
	366	611.577	375.083	
	367	611.593	375.204	
	368	611.363	375.509	
	369	611.152	375.743	
	370	610.917	375.845	
	371	610.792	375.888	
	372	610.691	375.872	
	373	610.738	375.852	
	374	610.788	375.79	
	375	610.702	375.743	
	376	610.562	375.509	
	377	610.077	375.403	
	378	609.62	375.184	
	379	609.222	375.071	
	380	609.093	374.923	
	381	609.093	374.825	
	382	609.179	374.536	
	383	609.394	374.419	
	384	609.648	374.427	
	385	609.706	374.372	
	386	609.624	374.345	
	387	609.613	374.391	
	388	609.57	374.434	
	389	609.589	374.473	
	390	609.742	374.501	
	391	610.011	374.243	
	392	610.3	373.559	
	393	610.46	373.431	
	394	610.613	373.38	
	395	610.683	373.587	
	396	610.679	373.927	
	397	610.734	374.106	
	398	610.702	374.079	
	399	610.761	373.856	
	400	610.968	373.411	
	401	611.14	373.29	
	402	611.21	373.243	
	403	611.14	373.368	
	404	610.761	373.852	
	405	609.874	374.751	
	406	609.335	375.446	
	407	608.968	375.895	
	408	608.527	376.173	
	409	608.296	376.516	
	410	608.105	377.013	
	411	607.902	377.13	
	412	607.581	377.251	
	413	607.312	377.278	
	414	607.175	377.29	
	415	607.011	377.247	
	416	606.902	377.157	
	417	606.874	377.091	
	418	606.87	376.837	
	419	607.089	376.325	
	420	607.265	376.157	
	421	607.39	376.036	
	422	607.449	375.962	
	423	607.488	376.016	
	424	607.73	375.95	
	425	607.835	376.071	
	426	607.941	376.157	
	427	608.199	376.384	
	428	608.558	376.735	
	429	608.695	376.833	
	430	608.945	377.075	
	431	609.101	377.313	
	432	609.218	377.501	
	433	609.359	377.61	
	434	609.757	377.973	
	435	609.952	378.016	
	436	610.261	378.157	
	437	610.734	378.407	
	438	611.171	378.337	
	439	611.734	378.423	
	440	612.39	378.337	
	441	613.011	378.04	
	442	613.562	377.841	
	443	614.07	377.548	
	444	614.609	377.2	
	445	614.859	377.095	
	446	614.89	377.157	
	447	614.855	377.266	
	448	614.843	377.251	
	449	614.839	376.989	
	450	614.804	376.716	
	451	614.781	376.431	
	452	614.675	376.427	
	453	614.62	376.544	
	454	614.245	376.954	
	455	614.011	377.294	
	456	613.652	377.364	
	457	613.292	377.329	
	458	613.023	377.544	
	459	612.859	377.782	
	460	612.593	377.712	
	461	612.202	377.563	
	462	611.917	377.716	
	463	611.679	377.837	
	464	611.132	377.759	
	465	610.671	377.759	
	466	610.097	377.923	
	467	609.652	377.739	
	468	609.355	377.348	
	469	609.296	377.368	
	470	609.202	378.813	
	471	609.675	381.579	
	472	610.374	385.196	
	473	611.402	389.032	
	474	612.577	392.04	
	475	613.949	393.778	
	476	615.675	394.774	
	477	617.179	395.188	
	478	618.632	395.743	
	479	619.277	396.509	
	480	619.847	397.806	
	481	620.636	398.931	
	482	621.066	399.243	
	483	621.113	399.333	
	484	621.124	400.227	
	485	621.617	400.997	
	486	622.285	401.309	
	487	623.339	401.028	
	488	624.847	400.013	
	489	654.085	381.657	


End of Keyframe Data
